,observationunitname,observationunitdbid,studydbid,germplasmdbid,germplasmpui,germplasmname,studyname,observationlevel,replicate,replicate,plot,plant,x,y,observationlevels,experimental_factors,observations
0,2,2773664,BTH_Clermont-Ferrand_2001_SetB3,26891,https://doi.org/10.15454/6PDHWM,KORELI,BTH_Clermont-Ferrand_2001_SetB3,REPLICATION,2,,,,,,REPLICATION:2,"[{'factor': 'itk', 'modality': 'treated'}]","[{'observationDbId': '3330764', 'observationVariableDbId': 'CO_321:1000074', 'observationVariableName': 'rdt', 'observationTimeStamp': None, 'season': '2001', 'value': '84,4'}]"
1,Koreliitkt,2773728,BTH_Clermont-Ferrand_2001_SetB3,26891,https://doi.org/10.15454/6PDHWM,KORELI,BTH_Clermont-Ferrand_2001_SetB3,VIRTUAL_TRIAL,,,,,,,,"[{'factor': 'itk', 'modality': 'treated'}]","[{'observationDbId': '3330847', 'observationVariableDbId': 'CO_321:1000217', 'observationVariableName': 'r', 'observationTimeStamp': None, 'season': '2001', 'value': '95'}, {'observationDbId': '3330848', 'observationVariableDbId': 'CO_321:1000074', 'observationVariableName': 'rdt', 'observationTimeStamp': None, 'season': '2001', 'value': '85,8'}]"
2,1,2773663,BTH_Clermont-Ferrand_2001_SetB3,26891,https://doi.org/10.15454/6PDHWM,KORELI,BTH_Clermont-Ferrand_2001_SetB3,REPLICATION,1,,,,,,REPLICATION:1,"[{'factor': 'itk', 'modality': 'treated'}]","[{'observationDbId': '3330763', 'observationVariableDbId': 'CO_321:1000074', 'observationVariableName': 'rdt', 'observationTimeStamp': None, 'season': '2001', 'value': '87,2'}]"
3,LM01004itkt,2773745,BTH_Clermont-Ferrand_2001_SetB3,48413,gnpis_pui:holding-921_taxon-4898_accession-48413,LM01004,BTH_Clermont-Ferrand_2001_SetB3,VIRTUAL_TRIAL,,,,,,,,"[{'factor': 'itk', 'modality': 'treated'}]","[{'observationDbId': '3330882', 'observationVariableDbId': 'CO_321:1000217', 'observationVariableName': 'r', 'observationTimeStamp': None, 'season': '2001', 'value': '106,3'}, {'observationDbId': '3330881', 'observationVariableDbId': 'CO_321:1000074', 'observationVariableName': 'rdt', 'observationTimeStamp': None, 'season': '2001', 'value': '95,9'}]"
4,2,2773698,BTH_Clermont-Ferrand_2001_SetB3,48413,gnpis_pui:holding-921_taxon-4898_accession-48413,LM01004,BTH_Clermont-Ferrand_2001_SetB3,REPLICATION,2,,,,,,REPLICATION:2,"[{'factor': 'itk', 'modality': 'treated'}]","[{'observationDbId': '3330798', 'observationVariableDbId': 'CO_321:1000074', 'observationVariableName': 'rdt', 'observationTimeStamp': None, 'season': '2001', 'value': '96,5'}]"
5,1,2773697,BTH_Clermont-Ferrand_2001_SetB3,48413,gnpis_pui:holding-921_taxon-4898_accession-48413,LM01004,BTH_Clermont-Ferrand_2001_SetB3,REPLICATION,1,,,,,,REPLICATION:1,"[{'factor': 'itk', 'modality': 'treated'}]","[{'observationDbId': '3330797', 'observationVariableDbId': 'CO_321:1000074', 'observationVariableName': 'rdt', 'observationTimeStamp': None, 'season': '2001', 'value': '95,4'}]"
6,2,2773654,BTH_Clermont-Ferrand_2001_SetB3,49323,gnpis_pui:holding-921_taxon-4898_accession-49323,DI01020,BTH_Clermont-Ferrand_2001_SetB3,REPLICATION,2,,,,,,REPLICATION:2,"[{'factor': 'itk', 'modality': 'treated'}]","[{'observationDbId': '3330754', 'observationVariableDbId': 'CO_321:1000074', 'observationVariableName': 'rdt', 'observationTimeStamp': None, 'season': '2001', 'value': '84,4'}]"
7,1,2773653,BTH_Clermont-Ferrand_2001_SetB3,49323,gnpis_pui:holding-921_taxon-4898_accession-49323,DI01020,BTH_Clermont-Ferrand_2001_SetB3,REPLICATION,1,,,,,,REPLICATION:1,"[{'factor': 'itk', 'modality': 'treated'}]","[{'observationDbId': '3330753', 'observationVariableDbId': 'CO_321:1000074', 'observationVariableName': 'rdt', 'observationTimeStamp': None, 'season': '2001', 'value': '85,5'}]"
8,DI01020itkt,2773723,BTH_Clermont-Ferrand_2001_SetB3,49323,gnpis_pui:holding-921_taxon-4898_accession-49323,DI01020,BTH_Clermont-Ferrand_2001_SetB3,VIRTUAL_TRIAL,,,,,,,,"[{'factor': 'itk', 'modality': 'treated'}]","[{'observationDbId': '3330837', 'observationVariableDbId': 'CO_321:1000217', 'observationVariableName': 'r', 'observationTimeStamp': None, 'season': '2001', 'value': '94,1'}, {'observationDbId': '3330838', 'observationVariableDbId': 'CO_321:1000074', 'observationVariableName': 'rdt', 'observationTimeStamp': None, 'season': '2001', 'value': '85'}]"
9,DI01008itkt,2773721,BTH_Clermont-Ferrand_2001_SetB3,49483,gnpis_pui:holding-921_taxon-4898_accession-49483,DI01008,BTH_Clermont-Ferrand_2001_SetB3,VIRTUAL_TRIAL,,,,,,,,"[{'factor': 'itk', 'modality': 'treated'}]","[{'observationDbId': '3330834', 'observationVariableDbId': 'CO_321:1000217', 'observationVariableName': 'r', 'observationTimeStamp': None, 'season': '2001', 'value': '81,8'}, {'observationDbId': '3330833', 'observationVariableDbId': 'CO_321:1000074', 'observationVariableName': 'rdt', 'observationTimeStamp': None, 'season': '2001', 'value': '73,8'}]"
10,2,2773650,BTH_Clermont-Ferrand_2001_SetB3,49483,gnpis_pui:holding-921_taxon-4898_accession-49483,DI01008,BTH_Clermont-Ferrand_2001_SetB3,REPLICATION,2,,,,,,REPLICATION:2,"[{'factor': 'itk', 'modality': 'treated'}]","[{'observationDbId': '3330750', 'observationVariableDbId': 'CO_321:1000074', 'observationVariableName': 'rdt', 'observationTimeStamp': None, 'season': '2001', 'value': '70,8'}]"
11,1,2773649,BTH_Clermont-Ferrand_2001_SetB3,49483,gnpis_pui:holding-921_taxon-4898_accession-49483,DI01008,BTH_Clermont-Ferrand_2001_SetB3,REPLICATION,1,,,,,,REPLICATION:1,"[{'factor': 'itk', 'modality': 'treated'}]","[{'observationDbId': '3330749', 'observationVariableDbId': 'CO_321:1000074', 'observationVariableName': 'rdt', 'observationTimeStamp': None, 'season': '2001', 'value': '76,9'}]"
12,DI01012itkt,2773733,BTH_Clermont-Ferrand_2001_SetB3,49107,gnpis_pui:holding-921_taxon-4898_accession-49107,DI01012,BTH_Clermont-Ferrand_2001_SetB3,VIRTUAL_TRIAL,,,,,,,,"[{'factor': 'itk', 'modality': 'treated'}]","[{'observationDbId': '3330858', 'observationVariableDbId': 'CO_321:1000217', 'observationVariableName': 'r', 'observationTimeStamp': None, 'season': '2001', 'value': '100,8'}, {'observationDbId': '3330857', 'observationVariableDbId': 'CO_321:1000074', 'observationVariableName': 'rdt', 'observationTimeStamp': None, 'season': '2001', 'value': '91'}]"
13,2,2773674,BTH_Clermont-Ferrand_2001_SetB3,49107,gnpis_pui:holding-921_taxon-4898_accession-49107,DI01012,BTH_Clermont-Ferrand_2001_SetB3,REPLICATION,2,,,,,,REPLICATION:2,"[{'factor': 'itk', 'modality': 'treated'}]","[{'observationDbId': '3330774', 'observationVariableDbId': 'CO_321:1000074', 'observationVariableName': 'rdt', 'observationTimeStamp': None, 'season': '2001', 'value': 'NA'}]"
14,1,2773673,BTH_Clermont-Ferrand_2001_SetB3,49107,gnpis_pui:holding-921_taxon-4898_accession-49107,DI01012,BTH_Clermont-Ferrand_2001_SetB3,REPLICATION,1,,,,,,REPLICATION:1,"[{'factor': 'itk', 'modality': 'treated'}]","[{'observationDbId': '3330773', 'observationVariableDbId': 'CO_321:1000074', 'observationVariableName': 'rdt', 'observationTimeStamp': None, 'season': '2001', 'value': '91'}]"
15,2,2773708,BTH_Clermont-Ferrand_2001_SetB3,49616,gnpis_pui:holding-921_taxon-4898_accession-49616,DI01028,BTH_Clermont-Ferrand_2001_SetB3,REPLICATION,2,,,,,,REPLICATION:2,"[{'factor': 'itk', 'modality': 'treated'}]","[{'observationDbId': '3330808', 'observationVariableDbId': 'CO_321:1000074', 'observationVariableName': 'rdt', 'observationTimeStamp': None, 'season': '2001', 'value': '68,7'}]"
16,DI01028itkt,2773750,BTH_Clermont-Ferrand_2001_SetB3,49616,gnpis_pui:holding-921_taxon-4898_accession-49616,DI01028,BTH_Clermont-Ferrand_2001_SetB3,VIRTUAL_TRIAL,,,,,,,,"[{'factor': 'itk', 'modality': 'treated'}]","[{'observationDbId': '3330892', 'observationVariableDbId': 'CO_321:1000217', 'observationVariableName': 'r', 'observationTimeStamp': None, 'season': '2001', 'value': '72,6'}, {'observationDbId': '3330891', 'observationVariableDbId': 'CO_321:1000074', 'observationVariableName': 'rdt', 'observationTimeStamp': None, 'season': '2001', 'value': '65,5'}]"
17,1,2773707,BTH_Clermont-Ferrand_2001_SetB3,49616,gnpis_pui:holding-921_taxon-4898_accession-49616,DI01028,BTH_Clermont-Ferrand_2001_SetB3,REPLICATION,1,,,,,,REPLICATION:1,"[{'factor': 'itk', 'modality': 'treated'}]","[{'observationDbId': '3330807', 'observationVariableDbId': 'CO_321:1000074', 'observationVariableName': 'rdt', 'observationTimeStamp': None, 'season': '2001', 'value': '62,3'}]"
18,DI01027itkt,2773729,BTH_Clermont-Ferrand_2001_SetB3,49655,gnpis_pui:holding-921_taxon-4898_accession-49655,DI01027,BTH_Clermont-Ferrand_2001_SetB3,VIRTUAL_TRIAL,,,,,,,,"[{'factor': 'itk', 'modality': 'treated'}]","[{'observationDbId': '3330849', 'observationVariableDbId': 'CO_321:1000217', 'observationVariableName': 'r', 'observationTimeStamp': None, 'season': '2001', 'value': '88,6'}, {'observationDbId': '3330850', 'observationVariableDbId': 'CO_321:1000074', 'observationVariableName': 'rdt', 'observationTimeStamp': None, 'season': '2001', 'value': '79,9'}]"
19,2,2773666,BTH_Clermont-Ferrand_2001_SetB3,49655,gnpis_pui:holding-921_taxon-4898_accession-49655,DI01027,BTH_Clermont-Ferrand_2001_SetB3,REPLICATION,2,,,,,,REPLICATION:2,"[{'factor': 'itk', 'modality': 'treated'}]","[{'observationDbId': '3330766', 'observationVariableDbId': 'CO_321:1000074', 'observationVariableName': 'rdt', 'observationTimeStamp': None, 'season': '2001', 'value': '77,8'}]"
20,1,2773665,BTH_Clermont-Ferrand_2001_SetB3,49655,gnpis_pui:holding-921_taxon-4898_accession-49655,DI01027,BTH_Clermont-Ferrand_2001_SetB3,REPLICATION,1,,,,,,REPLICATION:1,"[{'factor': 'itk', 'modality': 'treated'}]","[{'observationDbId': '3330765', 'observationVariableDbId': 'CO_321:1000074', 'observationVariableName': 'rdt', 'observationTimeStamp': None, 'season': '2001', 'value': '82'}]"
21,1,2773637,BTH_Clermont-Ferrand_2001_SetB3,49747,gnpis_pui:holding-921_taxon-4898_accession-49747,DI01006,BTH_Clermont-Ferrand_2001_SetB3,REPLICATION,1,,,,,,REPLICATION:1,"[{'factor': 'itk', 'modality': 'treated'}]","[{'observationDbId': '3330737', 'observationVariableDbId': 'CO_321:1000074', 'observationVariableName': 'rdt', 'observationTimeStamp': None, 'season': '2001', 'value': '87,9'}]"
22,DI01006itkt,2773715,BTH_Clermont-Ferrand_2001_SetB3,49747,gnpis_pui:holding-921_taxon-4898_accession-49747,DI01006,BTH_Clermont-Ferrand_2001_SetB3,VIRTUAL_TRIAL,,,,,,,,"[{'factor': 'itk', 'modality': 'treated'}]","[{'observationDbId': '3330821', 'observationVariableDbId': 'CO_321:1000217', 'observationVariableName': 'r', 'observationTimeStamp': None, 'season': '2001', 'value': '96,4'}, {'observationDbId': '3330822', 'observationVariableDbId': 'CO_321:1000074', 'observationVariableName': 'rdt', 'observationTimeStamp': None, 'season': '2001', 'value': '87'}]"
23,2,2773638,BTH_Clermont-Ferrand_2001_SetB3,49747,gnpis_pui:holding-921_taxon-4898_accession-49747,DI01006,BTH_Clermont-Ferrand_2001_SetB3,REPLICATION,2,,,,,,REPLICATION:2,"[{'factor': 'itk', 'modality': 'treated'}]","[{'observationDbId': '3330738', 'observationVariableDbId': 'CO_321:1000074', 'observationVariableName': 'rdt', 'observationTimeStamp': None, 'season': '2001', 'value': '86,2'}]"
24,2,2773658,BTH_Clermont-Ferrand_2001_SetB3,49284,gnpis_pui:holding-921_taxon-4898_accession-49284,DI01022,BTH_Clermont-Ferrand_2001_SetB3,REPLICATION,2,,,,,,REPLICATION:2,"[{'factor': 'itk', 'modality': 'treated'}]","[{'observationDbId': '3330758', 'observationVariableDbId': 'CO_321:1000074', 'observationVariableName': 'rdt', 'observationTimeStamp': None, 'season': '2001', 'value': '85,2'}]"
25,1,2773657,BTH_Clermont-Ferrand_2001_SetB3,49284,gnpis_pui:holding-921_taxon-4898_accession-49284,DI01022,BTH_Clermont-Ferrand_2001_SetB3,REPLICATION,1,,,,,,REPLICATION:1,"[{'factor': 'itk', 'modality': 'treated'}]","[{'observationDbId': '3330757', 'observationVariableDbId': 'CO_321:1000074', 'observationVariableName': 'rdt', 'observationTimeStamp': None, 'season': '2001', 'value': '91,6'}]"
26,DI01022itkt,2773725,BTH_Clermont-Ferrand_2001_SetB3,49284,gnpis_pui:holding-921_taxon-4898_accession-49284,DI01022,BTH_Clermont-Ferrand_2001_SetB3,VIRTUAL_TRIAL,,,,,,,,"[{'factor': 'itk', 'modality': 'treated'}]","[{'observationDbId': '3330841', 'observationVariableDbId': 'CO_321:1000217', 'observationVariableName': 'r', 'observationTimeStamp': None, 'season': '2001', 'value': '98'}, {'observationDbId': '3330842', 'observationVariableDbId': 'CO_321:1000074', 'observationVariableName': 'rdt', 'observationTimeStamp': None, 'season': '2001', 'value': '88,4'}]"
27,DI01036itkt,2773742,BTH_Clermont-Ferrand_2001_SetB3,49333,gnpis_pui:holding-921_taxon-4898_accession-49333,DI01036,BTH_Clermont-Ferrand_2001_SetB3,VIRTUAL_TRIAL,,,,,,,,"[{'factor': 'itk', 'modality': 'treated'}]","[{'observationDbId': '3330876', 'observationVariableDbId': 'CO_321:1000217', 'observationVariableName': 'r', 'observationTimeStamp': None, 'season': '2001', 'value': '91,6'}, {'observationDbId': '3330875', 'observationVariableDbId': 'CO_321:1000074', 'observationVariableName': 'rdt', 'observationTimeStamp': None, 'season': '2001', 'value': '82,7'}]"
28,2,2773692,BTH_Clermont-Ferrand_2001_SetB3,49333,gnpis_pui:holding-921_taxon-4898_accession-49333,DI01036,BTH_Clermont-Ferrand_2001_SetB3,REPLICATION,2,,,,,,REPLICATION:2,"[{'factor': 'itk', 'modality': 'treated'}]","[{'observationDbId': '3330792', 'observationVariableDbId': 'CO_321:1000074', 'observationVariableName': 'rdt', 'observationTimeStamp': None, 'season': '2001', 'value': '79,5'}]"
29,1,2773691,BTH_Clermont-Ferrand_2001_SetB3,49333,gnpis_pui:holding-921_taxon-4898_accession-49333,DI01036,BTH_Clermont-Ferrand_2001_SetB3,REPLICATION,1,,,,,,REPLICATION:1,"[{'factor': 'itk', 'modality': 'treated'}]","[{'observationDbId': '3330791', 'observationVariableDbId': 'CO_321:1000074', 'observationVariableName': 'rdt', 'observationTimeStamp': None, 'season': '2001', 'value': '85,8'}]"
30,DI01014itkt,2773735,BTH_Clermont-Ferrand_2001_SetB3,49571,gnpis_pui:holding-921_taxon-4898_accession-49571,DI01014,BTH_Clermont-Ferrand_2001_SetB3,VIRTUAL_TRIAL,,,,,,,,"[{'factor': 'itk', 'modality': 'treated'}]","[{'observationDbId': '3330861', 'observationVariableDbId': 'CO_321:1000217', 'observationVariableName': 'r', 'observationTimeStamp': None, 'season': '2001', 'value': '94,9'}, {'observationDbId': '3330862', 'observationVariableDbId': 'CO_321:1000074', 'observationVariableName': 'rdt', 'observationTimeStamp': None, 'season': '2001', 'value': '85,6'}]"
31,1,2773677,BTH_Clermont-Ferrand_2001_SetB3,49571,gnpis_pui:holding-921_taxon-4898_accession-49571,DI01014,BTH_Clermont-Ferrand_2001_SetB3,REPLICATION,1,,,,,,REPLICATION:1,"[{'factor': 'itk', 'modality': 'treated'}]","[{'observationDbId': '3330777', 'observationVariableDbId': 'CO_321:1000074', 'observationVariableName': 'rdt', 'observationTimeStamp': None, 'season': '2001', 'value': '79,2'}]"
32,2,2773678,BTH_Clermont-Ferrand_2001_SetB3,49571,gnpis_pui:holding-921_taxon-4898_accession-49571,DI01014,BTH_Clermont-Ferrand_2001_SetB3,REPLICATION,2,,,,,,REPLICATION:2,"[{'factor': 'itk', 'modality': 'treated'}]","[{'observationDbId': '3330778', 'observationVariableDbId': 'CO_321:1000074', 'observationVariableName': 'rdt', 'observationTimeStamp': None, 'season': '2001', 'value': '92'}]"
33,DI01031itkt,2773741,BTH_Clermont-Ferrand_2001_SetB3,49572,gnpis_pui:holding-921_taxon-4898_accession-49572,DI01031,BTH_Clermont-Ferrand_2001_SetB3,VIRTUAL_TRIAL,,,,,,,,"[{'factor': 'itk', 'modality': 'treated'}]","[{'observationDbId': '3330874', 'observationVariableDbId': 'CO_321:1000217', 'observationVariableName': 'r', 'observationTimeStamp': None, 'season': '2001', 'value': '85,8'}, {'observationDbId': '3330873', 'observationVariableDbId': 'CO_321:1000074', 'observationVariableName': 'rdt', 'observationTimeStamp': None, 'season': '2001', 'value': '77,4'}]"
34,2,2773690,BTH_Clermont-Ferrand_2001_SetB3,49572,gnpis_pui:holding-921_taxon-4898_accession-49572,DI01031,BTH_Clermont-Ferrand_2001_SetB3,REPLICATION,2,,,,,,REPLICATION:2,"[{'factor': 'itk', 'modality': 'treated'}]","[{'observationDbId': '3330790', 'observationVariableDbId': 'CO_321:1000074', 'observationVariableName': 'rdt', 'observationTimeStamp': None, 'season': '2001', 'value': '77,4'}]"
35,1,2773689,BTH_Clermont-Ferrand_2001_SetB3,49572,gnpis_pui:holding-921_taxon-4898_accession-49572,DI01031,BTH_Clermont-Ferrand_2001_SetB3,REPLICATION,1,,,,,,REPLICATION:1,"[{'factor': 'itk', 'modality': 'treated'}]","[{'observationDbId': '3330789', 'observationVariableDbId': 'CO_321:1000074', 'observationVariableName': 'rdt', 'observationTimeStamp': None, 'season': '2001', 'value': 'NA'}]"
36,DI01030itkt,2773740,BTH_Clermont-Ferrand_2001_SetB3,48683,gnpis_pui:holding-921_taxon-4898_accession-48683,DI01030,BTH_Clermont-Ferrand_2001_SetB3,VIRTUAL_TRIAL,,,,,,,,"[{'factor': 'itk', 'modality': 'treated'}]","[{'observationDbId': '3330871', 'observationVariableDbId': 'CO_321:1000217', 'observationVariableName': 'r', 'observationTimeStamp': None, 'season': '2001', 'value': '97,7'}, {'observationDbId': '3330872', 'observationVariableDbId': 'CO_321:1000074', 'observationVariableName': 'rdt', 'observationTimeStamp': None, 'season': '2001', 'value': '88,1'}]"
37,2,2773688,BTH_Clermont-Ferrand_2001_SetB3,48683,gnpis_pui:holding-921_taxon-4898_accession-48683,DI01030,BTH_Clermont-Ferrand_2001_SetB3,REPLICATION,2,,,,,,REPLICATION:2,"[{'factor': 'itk', 'modality': 'treated'}]","[{'observationDbId': '3330788', 'observationVariableDbId': 'CO_321:1000074', 'observationVariableName': 'rdt', 'observationTimeStamp': None, 'season': '2001', 'value': '85,6'}]"
38,1,2773687,BTH_Clermont-Ferrand_2001_SetB3,48683,gnpis_pui:holding-921_taxon-4898_accession-48683,DI01030,BTH_Clermont-Ferrand_2001_SetB3,REPLICATION,1,,,,,,REPLICATION:1,"[{'factor': 'itk', 'modality': 'treated'}]","[{'observationDbId': '3330787', 'observationVariableDbId': 'CO_321:1000074', 'observationVariableName': 'rdt', 'observationTimeStamp': None, 'season': '2001', 'value': '90,7'}]"
39,DI01009itkt,2773720,BTH_Clermont-Ferrand_2001_SetB3,48810,gnpis_pui:holding-921_taxon-4898_accession-48810,DI01009,BTH_Clermont-Ferrand_2001_SetB3,VIRTUAL_TRIAL,,,,,,,,"[{'factor': 'itk', 'modality': 'treated'}]","[{'observationDbId': '3330832', 'observationVariableDbId': 'CO_321:1000217', 'observationVariableName': 'r', 'observationTimeStamp': None, 'season': '2001', 'value': '73,7'}, {'observationDbId': '3330831', 'observationVariableDbId': 'CO_321:1000074', 'observationVariableName': 'rdt', 'observationTimeStamp': None, 'season': '2001', 'value': '66,5'}]"
40,2,2773648,BTH_Clermont-Ferrand_2001_SetB3,48810,gnpis_pui:holding-921_taxon-4898_accession-48810,DI01009,BTH_Clermont-Ferrand_2001_SetB3,REPLICATION,2,,,,,,REPLICATION:2,"[{'factor': 'itk', 'modality': 'treated'}]","[{'observationDbId': '3330748', 'observationVariableDbId': 'CO_321:1000074', 'observationVariableName': 'rdt', 'observationTimeStamp': None, 'season': '2001', 'value': '67,1'}]"
41,1,2773647,BTH_Clermont-Ferrand_2001_SetB3,48810,gnpis_pui:holding-921_taxon-4898_accession-48810,DI01009,BTH_Clermont-Ferrand_2001_SetB3,REPLICATION,1,,,,,,REPLICATION:1,"[{'factor': 'itk', 'modality': 'treated'}]","[{'observationDbId': '3330747', 'observationVariableDbId': 'CO_321:1000074', 'observationVariableName': 'rdt', 'observationTimeStamp': None, 'season': '2001', 'value': '66'}]"
42,2,2773680,BTH_Clermont-Ferrand_2001_SetB3,49431,gnpis_pui:holding-921_taxon-4898_accession-49431,DI01015,BTH_Clermont-Ferrand_2001_SetB3,REPLICATION,2,,,,,,REPLICATION:2,"[{'factor': 'itk', 'modality': 'treated'}]","[{'observationDbId': '3330780', 'observationVariableDbId': 'CO_321:1000074', 'observationVariableName': 'rdt', 'observationTimeStamp': None, 'season': '2001', 'value': '62,9'}]"
43,DI01015itkt,2773736,BTH_Clermont-Ferrand_2001_SetB3,49431,gnpis_pui:holding-921_taxon-4898_accession-49431,DI01015,BTH_Clermont-Ferrand_2001_SetB3,VIRTUAL_TRIAL,,,,,,,,"[{'factor': 'itk', 'modality': 'treated'}]","[{'observationDbId': '3330863', 'observationVariableDbId': 'CO_321:1000217', 'observationVariableName': 'r', 'observationTimeStamp': None, 'season': '2001', 'value': '77,9'}, {'observationDbId': '3330864', 'observationVariableDbId': 'CO_321:1000074', 'observationVariableName': 'rdt', 'observationTimeStamp': None, 'season': '2001', 'value': '70,3'}]"
44,1,2773679,BTH_Clermont-Ferrand_2001_SetB3,49431,gnpis_pui:holding-921_taxon-4898_accession-49431,DI01015,BTH_Clermont-Ferrand_2001_SetB3,REPLICATION,1,,,,,,REPLICATION:1,"[{'factor': 'itk', 'modality': 'treated'}]","[{'observationDbId': '3330779', 'observationVariableDbId': 'CO_321:1000074', 'observationVariableName': 'rdt', 'observationTimeStamp': None, 'season': '2001', 'value': '77,8'}]"
45,2,2773636,BTH_Clermont-Ferrand_2001_SetB3,48550,gnpis_pui:holding-921_taxon-4898_accession-48550,DI01007,BTH_Clermont-Ferrand_2001_SetB3,REPLICATION,2,,,,,,REPLICATION:2,"[{'factor': 'itk', 'modality': 'treated'}]","[{'observationDbId': '3330736', 'observationVariableDbId': 'CO_321:1000074', 'observationVariableName': 'rdt', 'observationTimeStamp': None, 'season': '2001', 'value': '76,5'}]"
46,1,2773635,BTH_Clermont-Ferrand_2001_SetB3,48550,gnpis_pui:holding-921_taxon-4898_accession-48550,DI01007,BTH_Clermont-Ferrand_2001_SetB3,REPLICATION,1,,,,,,REPLICATION:1,"[{'factor': 'itk', 'modality': 'treated'}]","[{'observationDbId': '3330735', 'observationVariableDbId': 'CO_321:1000074', 'observationVariableName': 'rdt', 'observationTimeStamp': None, 'season': '2001', 'value': '65,9'}]"
47,DI01007itkt,2773714,BTH_Clermont-Ferrand_2001_SetB3,48550,gnpis_pui:holding-921_taxon-4898_accession-48550,DI01007,BTH_Clermont-Ferrand_2001_SetB3,VIRTUAL_TRIAL,,,,,,,,"[{'factor': 'itk', 'modality': 'treated'}]","[{'observationDbId': '3330819', 'observationVariableDbId': 'CO_321:1000217', 'observationVariableName': 'r', 'observationTimeStamp': None, 'season': '2001', 'value': '78,9'}, {'observationDbId': '3330820', 'observationVariableDbId': 'CO_321:1000074', 'observationVariableName': 'rdt', 'observationTimeStamp': None, 'season': '2001', 'value': '71,2'}]"
48,DI01025itkt,2773718,BTH_Clermont-Ferrand_2001_SetB3,49360,gnpis_pui:holding-921_taxon-4898_accession-49360,DI01025,BTH_Clermont-Ferrand_2001_SetB3,VIRTUAL_TRIAL,,,,,,,,"[{'factor': 'itk', 'modality': 'treated'}]","[{'observationDbId': '3330827', 'observationVariableDbId': 'CO_321:1000217', 'observationVariableName': 'r', 'observationTimeStamp': None, 'season': '2001', 'value': '91,3'}, {'observationDbId': '3330828', 'observationVariableDbId': 'CO_321:1000074', 'observationVariableName': 'rdt', 'observationTimeStamp': None, 'season': '2001', 'value': '82,4'}]"
49,1,2773643,BTH_Clermont-Ferrand_2001_SetB3,49360,gnpis_pui:holding-921_taxon-4898_accession-49360,DI01025,BTH_Clermont-Ferrand_2001_SetB3,REPLICATION,1,,,,,,REPLICATION:1,"[{'factor': 'itk', 'modality': 'treated'}]","[{'observationDbId': '3330743', 'observationVariableDbId': 'CO_321:1000074', 'observationVariableName': 'rdt', 'observationTimeStamp': None, 'season': '2001', 'value': '79,9'}]"
50,2,2773644,BTH_Clermont-Ferrand_2001_SetB3,49360,gnpis_pui:holding-921_taxon-4898_accession-49360,DI01025,BTH_Clermont-Ferrand_2001_SetB3,REPLICATION,2,,,,,,REPLICATION:2,"[{'factor': 'itk', 'modality': 'treated'}]","[{'observationDbId': '3330744', 'observationVariableDbId': 'CO_321:1000074', 'observationVariableName': 'rdt', 'observationTimeStamp': None, 'season': '2001', 'value': '84,8'}]"
51,DI01024itkt,2773719,BTH_Clermont-Ferrand_2001_SetB3,49297,gnpis_pui:holding-921_taxon-4898_accession-49297,DI01024,BTH_Clermont-Ferrand_2001_SetB3,VIRTUAL_TRIAL,,,,,,,,"[{'factor': 'itk', 'modality': 'treated'}]","[{'observationDbId': '3330830', 'observationVariableDbId': 'CO_321:1000217', 'observationVariableName': 'r', 'observationTimeStamp': None, 'season': '2001', 'value': '94,4'}, {'observationDbId': '3330829', 'observationVariableDbId': 'CO_321:1000074', 'observationVariableName': 'rdt', 'observationTimeStamp': None, 'season': '2001', 'value': '85,2'}]"
52,2,2773646,BTH_Clermont-Ferrand_2001_SetB3,49297,gnpis_pui:holding-921_taxon-4898_accession-49297,DI01024,BTH_Clermont-Ferrand_2001_SetB3,REPLICATION,2,,,,,,REPLICATION:2,"[{'factor': 'itk', 'modality': 'treated'}]","[{'observationDbId': '3330746', 'observationVariableDbId': 'CO_321:1000074', 'observationVariableName': 'rdt', 'observationTimeStamp': None, 'season': '2001', 'value': '81,9'}]"
53,1,2773645,BTH_Clermont-Ferrand_2001_SetB3,49297,gnpis_pui:holding-921_taxon-4898_accession-49297,DI01024,BTH_Clermont-Ferrand_2001_SetB3,REPLICATION,1,,,,,,REPLICATION:1,"[{'factor': 'itk', 'modality': 'treated'}]","[{'observationDbId': '3330745', 'observationVariableDbId': 'CO_321:1000074', 'observationVariableName': 'rdt', 'observationTimeStamp': None, 'season': '2001', 'value': '88,5'}]"
54,2,2773672,BTH_Clermont-Ferrand_2001_SetB3,48388,gnpis_pui:holding-921_taxon-4898_accession-48388,DI01011,BTH_Clermont-Ferrand_2001_SetB3,REPLICATION,2,,,,,,REPLICATION:2,"[{'factor': 'itk', 'modality': 'treated'}]","[{'observationDbId': '3330772', 'observationVariableDbId': 'CO_321:1000074', 'observationVariableName': 'rdt', 'observationTimeStamp': None, 'season': '2001', 'value': '69,8'}]"
55,1,2773671,BTH_Clermont-Ferrand_2001_SetB3,48388,gnpis_pui:holding-921_taxon-4898_accession-48388,DI01011,BTH_Clermont-Ferrand_2001_SetB3,REPLICATION,1,,,,,,REPLICATION:1,"[{'factor': 'itk', 'modality': 'treated'}]","[{'observationDbId': '3330771', 'observationVariableDbId': 'CO_321:1000074', 'observationVariableName': 'rdt', 'observationTimeStamp': None, 'season': '2001', 'value': '71,2'}]"
56,DI01011itkt,2773732,BTH_Clermont-Ferrand_2001_SetB3,48388,gnpis_pui:holding-921_taxon-4898_accession-48388,DI01011,BTH_Clermont-Ferrand_2001_SetB3,VIRTUAL_TRIAL,,,,,,,,"[{'factor': 'itk', 'modality': 'treated'}]","[{'observationDbId': '3330855', 'observationVariableDbId': 'CO_321:1000217', 'observationVariableName': 'r', 'observationTimeStamp': None, 'season': '2001', 'value': '78,1'}, {'observationDbId': '3330856', 'observationVariableDbId': 'CO_321:1000074', 'observationVariableName': 'rdt', 'observationTimeStamp': None, 'season': '2001', 'value': '70,5'}]"
57,DI01018itkt,2773738,BTH_Clermont-Ferrand_2001_SetB3,48875,gnpis_pui:holding-921_taxon-4898_accession-48875,DI01018,BTH_Clermont-Ferrand_2001_SetB3,VIRTUAL_TRIAL,,,,,,,,"[{'factor': 'itk', 'modality': 'treated'}]","[{'observationDbId': '3330868', 'observationVariableDbId': 'CO_321:1000217', 'observationVariableName': 'r', 'observationTimeStamp': None, 'season': '2001', 'value': '83,9'}, {'observationDbId': '3330867', 'observationVariableDbId': 'CO_321:1000074', 'observationVariableName': 'rdt', 'observationTimeStamp': None, 'season': '2001', 'value': '75,8'}]"
58,2,2773684,BTH_Clermont-Ferrand_2001_SetB3,48875,gnpis_pui:holding-921_taxon-4898_accession-48875,DI01018,BTH_Clermont-Ferrand_2001_SetB3,REPLICATION,2,,,,,,REPLICATION:2,"[{'factor': 'itk', 'modality': 'treated'}]","[{'observationDbId': '3330784', 'observationVariableDbId': 'CO_321:1000074', 'observationVariableName': 'rdt', 'observationTimeStamp': None, 'season': '2001', 'value': '68,3'}]"
59,1,2773683,BTH_Clermont-Ferrand_2001_SetB3,48875,gnpis_pui:holding-921_taxon-4898_accession-48875,DI01018,BTH_Clermont-Ferrand_2001_SetB3,REPLICATION,1,,,,,,REPLICATION:1,"[{'factor': 'itk', 'modality': 'treated'}]","[{'observationDbId': '3330783', 'observationVariableDbId': 'CO_321:1000074', 'observationVariableName': 'rdt', 'observationTimeStamp': None, 'season': '2001', 'value': '83,2'}]"
60,1,2773661,BTH_Clermont-Ferrand_2001_SetB3,48887,gnpis_pui:holding-921_taxon-4898_accession-48887,DI01033,BTH_Clermont-Ferrand_2001_SetB3,REPLICATION,1,,,,,,REPLICATION:1,"[{'factor': 'itk', 'modality': 'treated'}]","[{'observationDbId': '3330761', 'observationVariableDbId': 'CO_321:1000074', 'observationVariableName': 'rdt', 'observationTimeStamp': None, 'season': '2001', 'value': '87,4'}]"
61,DI01033itkt,2773727,BTH_Clermont-Ferrand_2001_SetB3,48887,gnpis_pui:holding-921_taxon-4898_accession-48887,DI01033,BTH_Clermont-Ferrand_2001_SetB3,VIRTUAL_TRIAL,,,,,,,,"[{'factor': 'itk', 'modality': 'treated'}]","[{'observationDbId': '3330845', 'observationVariableDbId': 'CO_321:1000217', 'observationVariableName': 'r', 'observationTimeStamp': None, 'season': '2001', 'value': '92,6'}, {'observationDbId': '3330846', 'observationVariableDbId': 'CO_321:1000074', 'observationVariableName': 'rdt', 'observationTimeStamp': None, 'season': '2001', 'value': '83,5'}]"
62,2,2773662,BTH_Clermont-Ferrand_2001_SetB3,48887,gnpis_pui:holding-921_taxon-4898_accession-48887,DI01033,BTH_Clermont-Ferrand_2001_SetB3,REPLICATION,2,,,,,,REPLICATION:2,"[{'factor': 'itk', 'modality': 'treated'}]","[{'observationDbId': '3330762', 'observationVariableDbId': 'CO_321:1000074', 'observationVariableName': 'rdt', 'observationTimeStamp': None, 'season': '2001', 'value': '79,6'}]"
63,Chargeritkt,2773730,BTH_Clermont-Ferrand_2001_SetB3,25584,https://doi.org/10.15454/0ALDQA,CHARGER,BTH_Clermont-Ferrand_2001_SetB3,VIRTUAL_TRIAL,,,,,,,,"[{'factor': 'itk', 'modality': 'treated'}]","[{'observationDbId': '3330851', 'observationVariableDbId': 'CO_321:1000217', 'observationVariableName': 'r', 'observationTimeStamp': None, 'season': '2001', 'value': '98'}, {'observationDbId': '3330852', 'observationVariableDbId': 'CO_321:1000074', 'observationVariableName': 'rdt', 'observationTimeStamp': None, 'season': '2001', 'value': '88,4'}]"
64,2,2773668,BTH_Clermont-Ferrand_2001_SetB3,25584,https://doi.org/10.15454/0ALDQA,CHARGER,BTH_Clermont-Ferrand_2001_SetB3,REPLICATION,2,,,,,,REPLICATION:2,"[{'factor': 'itk', 'modality': 'treated'}]","[{'observationDbId': '3330768', 'observationVariableDbId': 'CO_321:1000074', 'observationVariableName': 'rdt', 'observationTimeStamp': None, 'season': '2001', 'value': '85,9'}]"
65,1,2773667,BTH_Clermont-Ferrand_2001_SetB3,25584,https://doi.org/10.15454/0ALDQA,CHARGER,BTH_Clermont-Ferrand_2001_SetB3,REPLICATION,1,,,,,,REPLICATION:1,"[{'factor': 'itk', 'modality': 'treated'}]","[{'observationDbId': '3330767', 'observationVariableDbId': 'CO_321:1000074', 'observationVariableName': 'rdt', 'observationTimeStamp': None, 'season': '2001', 'value': '91'}]"
66,1,2773627,BTH_Clermont-Ferrand_2001_SetB3,24505,https://doi.org/10.15454/9YBOHR,TREMIE,BTH_Clermont-Ferrand_2001_SetB3,REPLICATION,1,,,,,,REPLICATION:1,"[{'factor': 'itk', 'modality': 'treated'}]","[{'observationDbId': '3330727', 'observationVariableDbId': 'CO_321:1000074', 'observationVariableName': 'rdt', 'observationTimeStamp': None, 'season': '2001', 'value': '77,9'}]"
67,Tremieitkt,2773710,BTH_Clermont-Ferrand_2001_SetB3,24505,https://doi.org/10.15454/9YBOHR,TREMIE,BTH_Clermont-Ferrand_2001_SetB3,VIRTUAL_TRIAL,,,,,,,,"[{'factor': 'itk', 'modality': 'treated'}]","[{'observationDbId': '3330811', 'observationVariableDbId': 'CO_321:1000217', 'observationVariableName': 'r', 'observationTimeStamp': None, 'season': '2001', 'value': '95,1'}, {'observationDbId': '3330812', 'observationVariableDbId': 'CO_321:1000074', 'observationVariableName': 'rdt', 'observationTimeStamp': None, 'season': '2001', 'value': '85,8'}]"
68,2,2773628,BTH_Clermont-Ferrand_2001_SetB3,24505,https://doi.org/10.15454/9YBOHR,TREMIE,BTH_Clermont-Ferrand_2001_SetB3,REPLICATION,2,,,,,,REPLICATION:2,"[{'factor': 'itk', 'modality': 'treated'}]","[{'observationDbId': '3330728', 'observationVariableDbId': 'CO_321:1000074', 'observationVariableName': 'rdt', 'observationTimeStamp': None, 'season': '2001', 'value': '93,8'}]"
69,DI01013itkt,2773734,BTH_Clermont-Ferrand_2001_SetB3,48343,gnpis_pui:holding-921_taxon-4898_accession-48343,DI01013,BTH_Clermont-Ferrand_2001_SetB3,VIRTUAL_TRIAL,,,,,,,,"[{'factor': 'itk', 'modality': 'treated'}]","[{'observationDbId': '3330860', 'observationVariableDbId': 'CO_321:1000217', 'observationVariableName': 'r', 'observationTimeStamp': None, 'season': '2001', 'value': '84,2'}, {'observationDbId': '3330859', 'observationVariableDbId': 'CO_321:1000074', 'observationVariableName': 'rdt', 'observationTimeStamp': None, 'season': '2001', 'value': '75,9'}]"
70,2,2773676,BTH_Clermont-Ferrand_2001_SetB3,48343,gnpis_pui:holding-921_taxon-4898_accession-48343,DI01013,BTH_Clermont-Ferrand_2001_SetB3,REPLICATION,2,,,,,,REPLICATION:2,"[{'factor': 'itk', 'modality': 'treated'}]","[{'observationDbId': '3330776', 'observationVariableDbId': 'CO_321:1000074', 'observationVariableName': 'rdt', 'observationTimeStamp': None, 'season': '2001', 'value': '67,6'}]"
71,1,2773675,BTH_Clermont-Ferrand_2001_SetB3,48343,gnpis_pui:holding-921_taxon-4898_accession-48343,DI01013,BTH_Clermont-Ferrand_2001_SetB3,REPLICATION,1,,,,,,REPLICATION:1,"[{'factor': 'itk', 'modality': 'treated'}]","[{'observationDbId': '3330775', 'observationVariableDbId': 'CO_321:1000074', 'observationVariableName': 'rdt', 'observationTimeStamp': None, 'season': '2001', 'value': '84,3'}]"
72,DI01019itkt,2773739,BTH_Clermont-Ferrand_2001_SetB3,48621,gnpis_pui:holding-921_taxon-4898_accession-48621,DI01019,BTH_Clermont-Ferrand_2001_SetB3,VIRTUAL_TRIAL,,,,,,,,"[{'factor': 'itk', 'modality': 'treated'}]","[{'observationDbId': '3330869', 'observationVariableDbId': 'CO_321:1000217', 'observationVariableName': 'r', 'observationTimeStamp': None, 'season': '2001', 'value': '98,6'}, {'observationDbId': '3330870', 'observationVariableDbId': 'CO_321:1000074', 'observationVariableName': 'rdt', 'observationTimeStamp': None, 'season': '2001', 'value': '89'}]"
73,2,2773686,BTH_Clermont-Ferrand_2001_SetB3,48621,gnpis_pui:holding-921_taxon-4898_accession-48621,DI01019,BTH_Clermont-Ferrand_2001_SetB3,REPLICATION,2,,,,,,REPLICATION:2,"[{'factor': 'itk', 'modality': 'treated'}]","[{'observationDbId': '3330786', 'observationVariableDbId': 'CO_321:1000074', 'observationVariableName': 'rdt', 'observationTimeStamp': None, 'season': '2001', 'value': '82,3'}]"
74,1,2773685,BTH_Clermont-Ferrand_2001_SetB3,48621,gnpis_pui:holding-921_taxon-4898_accession-48621,DI01019,BTH_Clermont-Ferrand_2001_SetB3,REPLICATION,1,,,,,,REPLICATION:1,"[{'factor': 'itk', 'modality': 'treated'}]","[{'observationDbId': '3330785', 'observationVariableDbId': 'CO_321:1000074', 'observationVariableName': 'rdt', 'observationTimeStamp': None, 'season': '2001', 'value': '95,7'}]"
75,1,2773669,BTH_Clermont-Ferrand_2001_SetB3,49607,gnpis_pui:holding-921_taxon-4898_accession-49607,DI01010,BTH_Clermont-Ferrand_2001_SetB3,REPLICATION,1,,,,,,REPLICATION:1,"[{'factor': 'itk', 'modality': 'treated'}]","[{'observationDbId': '3330769', 'observationVariableDbId': 'CO_321:1000074', 'observationVariableName': 'rdt', 'observationTimeStamp': None, 'season': '2001', 'value': '86,4'}]"
76,DI01010itkt,2773731,BTH_Clermont-Ferrand_2001_SetB3,49607,gnpis_pui:holding-921_taxon-4898_accession-49607,DI01010,BTH_Clermont-Ferrand_2001_SetB3,VIRTUAL_TRIAL,,,,,,,,"[{'factor': 'itk', 'modality': 'treated'}]","[{'observationDbId': '3330853', 'observationVariableDbId': 'CO_321:1000217', 'observationVariableName': 'r', 'observationTimeStamp': None, 'season': '2001', 'value': '91,4'}, {'observationDbId': '3330854', 'observationVariableDbId': 'CO_321:1000074', 'observationVariableName': 'rdt', 'observationTimeStamp': None, 'season': '2001', 'value': '82,5'}]"
77,2,2773670,BTH_Clermont-Ferrand_2001_SetB3,49607,gnpis_pui:holding-921_taxon-4898_accession-49607,DI01010,BTH_Clermont-Ferrand_2001_SetB3,REPLICATION,2,,,,,,REPLICATION:2,"[{'factor': 'itk', 'modality': 'treated'}]","[{'observationDbId': '3330770', 'observationVariableDbId': 'CO_321:1000074', 'observationVariableName': 'rdt', 'observationTimeStamp': None, 'season': '2001', 'value': '78,6'}]"
78,Soissonsitkt,2773748,BTH_Clermont-Ferrand_2001_SetB3,24328,https://doi.org/10.15454/ZRMNO2,SOISSONS,BTH_Clermont-Ferrand_2001_SetB3,VIRTUAL_TRIAL,,,,,,,,"[{'factor': 'itk', 'modality': 'treated'}]","[{'observationDbId': '3330888', 'observationVariableDbId': 'CO_321:1000217', 'observationVariableName': 'r', 'observationTimeStamp': None, 'season': '2001', 'value': '100,9'}, {'observationDbId': '3330887', 'observationVariableDbId': 'CO_321:1000074', 'observationVariableName': 'rdt', 'observationTimeStamp': None, 'season': '2001', 'value': '91,1'}]"
79,1,2773703,BTH_Clermont-Ferrand_2001_SetB3,24328,https://doi.org/10.15454/ZRMNO2,SOISSONS,BTH_Clermont-Ferrand_2001_SetB3,REPLICATION,1,,,,,,REPLICATION:1,"[{'factor': 'itk', 'modality': 'treated'}]","[{'observationDbId': '3330803', 'observationVariableDbId': 'CO_321:1000074', 'observationVariableName': 'rdt', 'observationTimeStamp': None, 'season': '2001', 'value': '97,5'}]"
80,2,2773704,BTH_Clermont-Ferrand_2001_SetB3,24328,https://doi.org/10.15454/ZRMNO2,SOISSONS,BTH_Clermont-Ferrand_2001_SetB3,REPLICATION,2,,,,,,REPLICATION:2,"[{'factor': 'itk', 'modality': 'treated'}]","[{'observationDbId': '3330804', 'observationVariableDbId': 'CO_321:1000074', 'observationVariableName': 'rdt', 'observationTimeStamp': None, 'season': '2001', 'value': '84,6'}]"
81,1,2773701,BTH_Clermont-Ferrand_2001_SetB3,25585,https://doi.org/10.15454/YZZGYB,ISENGRAIN,BTH_Clermont-Ferrand_2001_SetB3,REPLICATION,1,,,,,,REPLICATION:1,"[{'factor': 'itk', 'modality': 'treated'}]","[{'observationDbId': '3330801', 'observationVariableDbId': 'CO_321:1000074', 'observationVariableName': 'rdt', 'observationTimeStamp': None, 'season': '2001', 'value': '95,1'}]"
82,Isengrainitkt,2773747,BTH_Clermont-Ferrand_2001_SetB3,25585,https://doi.org/10.15454/YZZGYB,ISENGRAIN,BTH_Clermont-Ferrand_2001_SetB3,VIRTUAL_TRIAL,,,,,,,,"[{'factor': 'itk', 'modality': 'treated'}]","[{'observationDbId': '3330886', 'observationVariableDbId': 'CO_321:1000217', 'observationVariableName': 'r', 'observationTimeStamp': None, 'season': '2001', 'value': '106'}, {'observationDbId': '3330885', 'observationVariableDbId': 'CO_321:1000074', 'observationVariableName': 'rdt', 'observationTimeStamp': None, 'season': '2001', 'value': '95,7'}]"
83,2,2773702,BTH_Clermont-Ferrand_2001_SetB3,25585,https://doi.org/10.15454/YZZGYB,ISENGRAIN,BTH_Clermont-Ferrand_2001_SetB3,REPLICATION,2,,,,,,REPLICATION:2,"[{'factor': 'itk', 'modality': 'treated'}]","[{'observationDbId': '3330802', 'observationVariableDbId': 'CO_321:1000074', 'observationVariableName': 'rdt', 'observationTimeStamp': None, 'season': '2001', 'value': '96,2'}]"
84,2,2773640,BTH_Clermont-Ferrand_2001_SetB3,49632,gnpis_pui:holding-921_taxon-4898_accession-49632,DI01005,BTH_Clermont-Ferrand_2001_SetB3,REPLICATION,2,,,,,,REPLICATION:2,"[{'factor': 'itk', 'modality': 'treated'}]","[{'observationDbId': '3330740', 'observationVariableDbId': 'CO_321:1000074', 'observationVariableName': 'rdt', 'observationTimeStamp': None, 'season': '2001', 'value': '73,4'}]"
85,DI01005itkt,2773716,BTH_Clermont-Ferrand_2001_SetB3,49632,gnpis_pui:holding-921_taxon-4898_accession-49632,DI01005,BTH_Clermont-Ferrand_2001_SetB3,VIRTUAL_TRIAL,,,,,,,,"[{'factor': 'itk', 'modality': 'treated'}]","[{'observationDbId': '3330824', 'observationVariableDbId': 'CO_321:1000217', 'observationVariableName': 'r', 'observationTimeStamp': None, 'season': '2001', 'value': '85,5'}, {'observationDbId': '3330823', 'observationVariableDbId': 'CO_321:1000074', 'observationVariableName': 'rdt', 'observationTimeStamp': None, 'season': '2001', 'value': '77,1'}]"
86,1,2773639,BTH_Clermont-Ferrand_2001_SetB3,49632,gnpis_pui:holding-921_taxon-4898_accession-49632,DI01005,BTH_Clermont-Ferrand_2001_SetB3,REPLICATION,1,,,,,,REPLICATION:1,"[{'factor': 'itk', 'modality': 'treated'}]","[{'observationDbId': '3330739', 'observationVariableDbId': 'CO_321:1000074', 'observationVariableName': 'rdt', 'observationTimeStamp': None, 'season': '2001', 'value': '80,9'}]"
87,1,2773629,BTH_Clermont-Ferrand_2001_SetB3,48842,gnpis_pui:holding-921_taxon-4898_accession-48842,DI01003,BTH_Clermont-Ferrand_2001_SetB3,REPLICATION,1,,,,,,REPLICATION:1,"[{'factor': 'itk', 'modality': 'treated'}]","[{'observationDbId': '3330729', 'observationVariableDbId': 'CO_321:1000074', 'observationVariableName': 'rdt', 'observationTimeStamp': None, 'season': '2001', 'value': '88,8'}]"
88,2,2773630,BTH_Clermont-Ferrand_2001_SetB3,48842,gnpis_pui:holding-921_taxon-4898_accession-48842,DI01003,BTH_Clermont-Ferrand_2001_SetB3,REPLICATION,2,,,,,,REPLICATION:2,"[{'factor': 'itk', 'modality': 'treated'}]","[{'observationDbId': '3330730', 'observationVariableDbId': 'CO_321:1000074', 'observationVariableName': 'rdt', 'observationTimeStamp': None, 'season': '2001', 'value': '78,3'}]"
89,DI01003itkt,2773711,BTH_Clermont-Ferrand_2001_SetB3,48842,gnpis_pui:holding-921_taxon-4898_accession-48842,DI01003,BTH_Clermont-Ferrand_2001_SetB3,VIRTUAL_TRIAL,,,,,,,,"[{'factor': 'itk', 'modality': 'treated'}]","[{'observationDbId': '3330814', 'observationVariableDbId': 'CO_321:1000217', 'observationVariableName': 'r', 'observationTimeStamp': None, 'season': '2001', 'value': '92,6'}, {'observationDbId': '3330813', 'observationVariableDbId': 'CO_321:1000074', 'observationVariableName': 'rdt', 'observationTimeStamp': None, 'season': '2001', 'value': '83,5'}]"
90,DI01023itkt,2773724,BTH_Clermont-Ferrand_2001_SetB3,48506,gnpis_pui:holding-921_taxon-4898_accession-48506,DI01023,BTH_Clermont-Ferrand_2001_SetB3,VIRTUAL_TRIAL,,,,,,,,"[{'factor': 'itk', 'modality': 'treated'}]","[{'observationDbId': '3330840', 'observationVariableDbId': 'CO_321:1000217', 'observationVariableName': 'r', 'observationTimeStamp': None, 'season': '2001', 'value': '90,1'}, {'observationDbId': '3330839', 'observationVariableDbId': 'CO_321:1000074', 'observationVariableName': 'rdt', 'observationTimeStamp': None, 'season': '2001', 'value': '81,3'}]"
91,1,2773655,BTH_Clermont-Ferrand_2001_SetB3,48506,gnpis_pui:holding-921_taxon-4898_accession-48506,DI01023,BTH_Clermont-Ferrand_2001_SetB3,REPLICATION,1,,,,,,REPLICATION:1,"[{'factor': 'itk', 'modality': 'treated'}]","[{'observationDbId': '3330755', 'observationVariableDbId': 'CO_321:1000074', 'observationVariableName': 'rdt', 'observationTimeStamp': None, 'season': '2001', 'value': '77,5'}]"
92,2,2773656,BTH_Clermont-Ferrand_2001_SetB3,48506,gnpis_pui:holding-921_taxon-4898_accession-48506,DI01023,BTH_Clermont-Ferrand_2001_SetB3,REPLICATION,2,,,,,,REPLICATION:2,"[{'factor': 'itk', 'modality': 'treated'}]","[{'observationDbId': '3330756', 'observationVariableDbId': 'CO_321:1000074', 'observationVariableName': 'rdt', 'observationTimeStamp': None, 'season': '2001', 'value': '85,2'}]"
93,1,2773681,BTH_Clermont-Ferrand_2001_SetB3,49049,gnpis_pui:holding-921_taxon-4898_accession-49049,DI01017,BTH_Clermont-Ferrand_2001_SetB3,REPLICATION,1,,,,,,REPLICATION:1,"[{'factor': 'itk', 'modality': 'treated'}]","[{'observationDbId': '3330781', 'observationVariableDbId': 'CO_321:1000074', 'observationVariableName': 'rdt', 'observationTimeStamp': None, 'season': '2001', 'value': '85'}]"
94,2,2773682,BTH_Clermont-Ferrand_2001_SetB3,49049,gnpis_pui:holding-921_taxon-4898_accession-49049,DI01017,BTH_Clermont-Ferrand_2001_SetB3,REPLICATION,2,,,,,,REPLICATION:2,"[{'factor': 'itk', 'modality': 'treated'}]","[{'observationDbId': '3330782', 'observationVariableDbId': 'CO_321:1000074', 'observationVariableName': 'rdt', 'observationTimeStamp': None, 'season': '2001', 'value': '80,6'}]"
95,DI01017itkt,2773737,BTH_Clermont-Ferrand_2001_SetB3,49049,gnpis_pui:holding-921_taxon-4898_accession-49049,DI01017,BTH_Clermont-Ferrand_2001_SetB3,VIRTUAL_TRIAL,,,,,,,,"[{'factor': 'itk', 'modality': 'treated'}]","[{'observationDbId': '3330865', 'observationVariableDbId': 'CO_321:1000217', 'observationVariableName': 'r', 'observationTimeStamp': None, 'season': '2001', 'value': '91,7'}, {'observationDbId': '3330866', 'observationVariableDbId': 'CO_321:1000074', 'observationVariableName': 'rdt', 'observationTimeStamp': None, 'season': '2001', 'value': '82,8'}]"
96,DI01002itkt,2773712,BTH_Clermont-Ferrand_2001_SetB3,49191,gnpis_pui:holding-921_taxon-4898_accession-49191,DI01002,BTH_Clermont-Ferrand_2001_SetB3,VIRTUAL_TRIAL,,,,,,,,"[{'factor': 'itk', 'modality': 'treated'}]","[{'observationDbId': '3330816', 'observationVariableDbId': 'CO_321:1000217', 'observationVariableName': 'r', 'observationTimeStamp': None, 'season': '2001', 'value': '88,6'}, {'observationDbId': '3330815', 'observationVariableDbId': 'CO_321:1000074', 'observationVariableName': 'rdt', 'observationTimeStamp': None, 'season': '2001', 'value': '80'}]"
97,2,2773632,BTH_Clermont-Ferrand_2001_SetB3,49191,gnpis_pui:holding-921_taxon-4898_accession-49191,DI01002,BTH_Clermont-Ferrand_2001_SetB3,REPLICATION,2,,,,,,REPLICATION:2,"[{'factor': 'itk', 'modality': 'treated'}]","[{'observationDbId': '3330732', 'observationVariableDbId': 'CO_321:1000074', 'observationVariableName': 'rdt', 'observationTimeStamp': None, 'season': '2001', 'value': 'NA'}]"
98,1,2773631,BTH_Clermont-Ferrand_2001_SetB3,49191,gnpis_pui:holding-921_taxon-4898_accession-49191,DI01002,BTH_Clermont-Ferrand_2001_SetB3,REPLICATION,1,,,,,,REPLICATION:1,"[{'factor': 'itk', 'modality': 'treated'}]","[{'observationDbId': '3330731', 'observationVariableDbId': 'CO_321:1000074', 'observationVariableName': 'rdt', 'observationTimeStamp': None, 'season': '2001', 'value': '80'}]"
99,2,2773700,BTH_Clermont-Ferrand_2001_SetB3,49204,gnpis_pui:holding-921_taxon-4898_accession-49204,LM01003,BTH_Clermont-Ferrand_2001_SetB3,REPLICATION,2,,,,,,REPLICATION:2,"[{'factor': 'itk', 'modality': 'treated'}]","[{'observationDbId': '3330800', 'observationVariableDbId': 'CO_321:1000074', 'observationVariableName': 'rdt', 'observationTimeStamp': None, 'season': '2001', 'value': '91,8'}]"
100,LM01003itkt,2773746,BTH_Clermont-Ferrand_2001_SetB3,49204,gnpis_pui:holding-921_taxon-4898_accession-49204,LM01003,BTH_Clermont-Ferrand_2001_SetB3,VIRTUAL_TRIAL,,,,,,,,"[{'factor': 'itk', 'modality': 'treated'}]","[{'observationDbId': '3330884', 'observationVariableDbId': 'CO_321:1000217', 'observationVariableName': 'r', 'observationTimeStamp': None, 'season': '2001', 'value': '101,7'}, {'observationDbId': '3330883', 'observationVariableDbId': 'CO_321:1000074', 'observationVariableName': 'rdt', 'observationTimeStamp': None, 'season': '2001', 'value': '91,7'}]"
101,1,2773699,BTH_Clermont-Ferrand_2001_SetB3,49204,gnpis_pui:holding-921_taxon-4898_accession-49204,LM01003,BTH_Clermont-Ferrand_2001_SetB3,REPLICATION,1,,,,,,REPLICATION:1,"[{'factor': 'itk', 'modality': 'treated'}]","[{'observationDbId': '3330799', 'observationVariableDbId': 'CO_321:1000074', 'observationVariableName': 'rdt', 'observationTimeStamp': None, 'season': '2001', 'value': '91,7'}]"
102,DI01021itkt,2773722,BTH_Clermont-Ferrand_2001_SetB3,49218,gnpis_pui:holding-921_taxon-4898_accession-49218,DI01021,BTH_Clermont-Ferrand_2001_SetB3,VIRTUAL_TRIAL,,,,,,,,"[{'factor': 'itk', 'modality': 'treated'}]","[{'observationDbId': '3330835', 'observationVariableDbId': 'CO_321:1000217', 'observationVariableName': 'r', 'observationTimeStamp': None, 'season': '2001', 'value': '87,5'}, {'observationDbId': '3330836', 'observationVariableDbId': 'CO_321:1000074', 'observationVariableName': 'rdt', 'observationTimeStamp': None, 'season': '2001', 'value': '79'}]"
103,1,2773651,BTH_Clermont-Ferrand_2001_SetB3,49218,gnpis_pui:holding-921_taxon-4898_accession-49218,DI01021,BTH_Clermont-Ferrand_2001_SetB3,REPLICATION,1,,,,,,REPLICATION:1,"[{'factor': 'itk', 'modality': 'treated'}]","[{'observationDbId': '3330751', 'observationVariableDbId': 'CO_321:1000074', 'observationVariableName': 'rdt', 'observationTimeStamp': None, 'season': '2001', 'value': '80,2'}]"
104,2,2773652,BTH_Clermont-Ferrand_2001_SetB3,49218,gnpis_pui:holding-921_taxon-4898_accession-49218,DI01021,BTH_Clermont-Ferrand_2001_SetB3,REPLICATION,2,,,,,,REPLICATION:2,"[{'factor': 'itk', 'modality': 'treated'}]","[{'observationDbId': '3330752', 'observationVariableDbId': 'CO_321:1000074', 'observationVariableName': 'rdt', 'observationTimeStamp': None, 'season': '2001', 'value': '77,8'}]"
105,DI01032itkt,2773709,BTH_Clermont-Ferrand_2001_SetB3,49224,gnpis_pui:holding-921_taxon-4898_accession-49224,DI01032,BTH_Clermont-Ferrand_2001_SetB3,VIRTUAL_TRIAL,,,,,,,,"[{'factor': 'itk', 'modality': 'treated'}]","[{'observationDbId': '3330809', 'observationVariableDbId': 'CO_321:1000217', 'observationVariableName': 'r', 'observationTimeStamp': None, 'season': '2001', 'value': '94,9'}, {'observationDbId': '3330810', 'observationVariableDbId': 'CO_321:1000074', 'observationVariableName': 'rdt', 'observationTimeStamp': None, 'season': '2001', 'value': '85,7'}]"
106,1,2773625,BTH_Clermont-Ferrand_2001_SetB3,49224,gnpis_pui:holding-921_taxon-4898_accession-49224,DI01032,BTH_Clermont-Ferrand_2001_SetB3,REPLICATION,1,,,,,,REPLICATION:1,"[{'factor': 'itk', 'modality': 'treated'}]","[{'observationDbId': '3330725', 'observationVariableDbId': 'CO_321:1000074', 'observationVariableName': 'rdt', 'observationTimeStamp': None, 'season': '2001', 'value': '91,2'}]"
107,2,2773626,BTH_Clermont-Ferrand_2001_SetB3,49224,gnpis_pui:holding-921_taxon-4898_accession-49224,DI01032,BTH_Clermont-Ferrand_2001_SetB3,REPLICATION,2,,,,,,REPLICATION:2,"[{'factor': 'itk', 'modality': 'treated'}]","[{'observationDbId': '3330726', 'observationVariableDbId': 'CO_321:1000074', 'observationVariableName': 'rdt', 'observationTimeStamp': None, 'season': '2001', 'value': '80,2'}]"
108,DI01026itkt,2773726,BTH_Clermont-Ferrand_2001_SetB3,49234,gnpis_pui:holding-921_taxon-4898_accession-49234,DI01026,BTH_Clermont-Ferrand_2001_SetB3,VIRTUAL_TRIAL,,,,,,,,"[{'factor': 'itk', 'modality': 'treated'}]","[{'observationDbId': '3330843', 'observationVariableDbId': 'CO_321:1000217', 'observationVariableName': 'r', 'observationTimeStamp': None, 'season': '2001', 'value': '90,6'}, {'observationDbId': '3330844', 'observationVariableDbId': 'CO_321:1000074', 'observationVariableName': 'rdt', 'observationTimeStamp': None, 'season': '2001', 'value': '81,7'}]"
109,2,2773660,BTH_Clermont-Ferrand_2001_SetB3,49234,gnpis_pui:holding-921_taxon-4898_accession-49234,DI01026,BTH_Clermont-Ferrand_2001_SetB3,REPLICATION,2,,,,,,REPLICATION:2,"[{'factor': 'itk', 'modality': 'treated'}]","[{'observationDbId': '3330760', 'observationVariableDbId': 'CO_321:1000074', 'observationVariableName': 'rdt', 'observationTimeStamp': None, 'season': '2001', 'value': '80,7'}]"
110,1,2773659,BTH_Clermont-Ferrand_2001_SetB3,49234,gnpis_pui:holding-921_taxon-4898_accession-49234,DI01026,BTH_Clermont-Ferrand_2001_SetB3,REPLICATION,1,,,,,,REPLICATION:1,"[{'factor': 'itk', 'modality': 'treated'}]","[{'observationDbId': '3330759', 'observationVariableDbId': 'CO_321:1000074', 'observationVariableName': 'rdt', 'observationTimeStamp': None, 'season': '2001', 'value': '82,7'}]"
111,2,2773696,BTH_Clermont-Ferrand_2001_SetB3,49583,gnpis_pui:holding-921_taxon-4898_accession-49583,DI01035,BTH_Clermont-Ferrand_2001_SetB3,REPLICATION,2,,,,,,REPLICATION:2,"[{'factor': 'itk', 'modality': 'treated'}]","[{'observationDbId': '3330796', 'observationVariableDbId': 'CO_321:1000074', 'observationVariableName': 'rdt', 'observationTimeStamp': None, 'season': '2001', 'value': '90,7'}]"
112,1,2773695,BTH_Clermont-Ferrand_2001_SetB3,49583,gnpis_pui:holding-921_taxon-4898_accession-49583,DI01035,BTH_Clermont-Ferrand_2001_SetB3,REPLICATION,1,,,,,,REPLICATION:1,"[{'factor': 'itk', 'modality': 'treated'}]","[{'observationDbId': '3330795', 'observationVariableDbId': 'CO_321:1000074', 'observationVariableName': 'rdt', 'observationTimeStamp': None, 'season': '2001', 'value': '85,4'}]"
113,DI01035itkt,2773744,BTH_Clermont-Ferrand_2001_SetB3,49583,gnpis_pui:holding-921_taxon-4898_accession-49583,DI01035,BTH_Clermont-Ferrand_2001_SetB3,VIRTUAL_TRIAL,,,,,,,,"[{'factor': 'itk', 'modality': 'treated'}]","[{'observationDbId': '3330879', 'observationVariableDbId': 'CO_321:1000217', 'observationVariableName': 'r', 'observationTimeStamp': None, 'season': '2001', 'value': '97,5'}, {'observationDbId': '3330880', 'observationVariableDbId': 'CO_321:1000074', 'observationVariableName': 'rdt', 'observationTimeStamp': None, 'season': '2001', 'value': '88'}]"
114,2,2773706,BTH_Clermont-Ferrand_2001_SetB3,49002,gnpis_pui:holding-921_taxon-4898_accession-49002,DI01029,BTH_Clermont-Ferrand_2001_SetB3,REPLICATION,2,,,,,,REPLICATION:2,"[{'factor': 'itk', 'modality': 'treated'}]","[{'observationDbId': '3330806', 'observationVariableDbId': 'CO_321:1000074', 'observationVariableName': 'rdt', 'observationTimeStamp': None, 'season': '2001', 'value': '74,5'}]"
115,DI01029itkt,2773749,BTH_Clermont-Ferrand_2001_SetB3,49002,gnpis_pui:holding-921_taxon-4898_accession-49002,DI01029,BTH_Clermont-Ferrand_2001_SetB3,VIRTUAL_TRIAL,,,,,,,,"[{'factor': 'itk', 'modality': 'treated'}]","[{'observationDbId': '3330890', 'observationVariableDbId': 'CO_321:1000217', 'observationVariableName': 'r', 'observationTimeStamp': None, 'season': '2001', 'value': '84,2'}, {'observationDbId': '3330889', 'observationVariableDbId': 'CO_321:1000074', 'observationVariableName': 'rdt', 'observationTimeStamp': None, 'season': '2001', 'value': '76'}]"
116,1,2773705,BTH_Clermont-Ferrand_2001_SetB3,49002,gnpis_pui:holding-921_taxon-4898_accession-49002,DI01029,BTH_Clermont-Ferrand_2001_SetB3,REPLICATION,1,,,,,,REPLICATION:1,"[{'factor': 'itk', 'modality': 'treated'}]","[{'observationDbId': '3330805', 'observationVariableDbId': 'CO_321:1000074', 'observationVariableName': 'rdt', 'observationTimeStamp': None, 'season': '2001', 'value': '77,4'}]"
117,2,2773642,BTH_Clermont-Ferrand_2001_SetB3,49003,gnpis_pui:holding-921_taxon-4898_accession-49003,DI01004,BTH_Clermont-Ferrand_2001_SetB3,REPLICATION,2,,,,,,REPLICATION:2,"[{'factor': 'itk', 'modality': 'treated'}]","[{'observationDbId': '3330742', 'observationVariableDbId': 'CO_321:1000074', 'observationVariableName': 'rdt', 'observationTimeStamp': None, 'season': '2001', 'value': '86,5'}]"
118,DI01004itkt,2773717,BTH_Clermont-Ferrand_2001_SetB3,49003,gnpis_pui:holding-921_taxon-4898_accession-49003,DI01004,BTH_Clermont-Ferrand_2001_SetB3,VIRTUAL_TRIAL,,,,,,,,"[{'factor': 'itk', 'modality': 'treated'}]","[{'observationDbId': '3330826', 'observationVariableDbId': 'CO_321:1000217', 'observationVariableName': 'r', 'observationTimeStamp': None, 'season': '2001', 'value': '94,3'}, {'observationDbId': '3330825', 'observationVariableDbId': 'CO_321:1000074', 'observationVariableName': 'rdt', 'observationTimeStamp': None, 'season': '2001', 'value': '85,1'}]"
119,1,2773641,BTH_Clermont-Ferrand_2001_SetB3,49003,gnpis_pui:holding-921_taxon-4898_accession-49003,DI01004,BTH_Clermont-Ferrand_2001_SetB3,REPLICATION,1,,,,,,REPLICATION:1,"[{'factor': 'itk', 'modality': 'treated'}]","[{'observationDbId': '3330741', 'observationVariableDbId': 'CO_321:1000074', 'observationVariableName': 'rdt', 'observationTimeStamp': None, 'season': '2001', 'value': '83,8'}]"
120,DI01001itkt,2773713,BTH_Clermont-Ferrand_2001_SetB3,49667,gnpis_pui:holding-921_taxon-4898_accession-49667,DI01001,BTH_Clermont-Ferrand_2001_SetB3,VIRTUAL_TRIAL,,,,,,,,"[{'factor': 'itk', 'modality': 'treated'}]","[{'observationDbId': '3330817', 'observationVariableDbId': 'CO_321:1000217', 'observationVariableName': 'r', 'observationTimeStamp': None, 'season': '2001', 'value': '95,3'}, {'observationDbId': '3330818', 'observationVariableDbId': 'CO_321:1000074', 'observationVariableName': 'rdt', 'observationTimeStamp': None, 'season': '2001', 'value': '86'}]"
121,1,2773633,BTH_Clermont-Ferrand_2001_SetB3,49667,gnpis_pui:holding-921_taxon-4898_accession-49667,DI01001,BTH_Clermont-Ferrand_2001_SetB3,REPLICATION,1,,,,,,REPLICATION:1,"[{'factor': 'itk', 'modality': 'treated'}]","[{'observationDbId': '3330733', 'observationVariableDbId': 'CO_321:1000074', 'observationVariableName': 'rdt', 'observationTimeStamp': None, 'season': '2001', 'value': '82,7'}]"
122,2,2773634,BTH_Clermont-Ferrand_2001_SetB3,49667,gnpis_pui:holding-921_taxon-4898_accession-49667,DI01001,BTH_Clermont-Ferrand_2001_SetB3,REPLICATION,2,,,,,,REPLICATION:2,"[{'factor': 'itk', 'modality': 'treated'}]","[{'observationDbId': '3330734', 'observationVariableDbId': 'CO_321:1000074', 'observationVariableName': 'rdt', 'observationTimeStamp': None, 'season': '2001', 'value': '89,3'}]"
123,1,2773693,BTH_Clermont-Ferrand_2001_SetB3,49727,gnpis_pui:holding-921_taxon-4898_accession-49727,DI01034,BTH_Clermont-Ferrand_2001_SetB3,REPLICATION,1,,,,,,REPLICATION:1,"[{'factor': 'itk', 'modality': 'treated'}]","[{'observationDbId': '3330793', 'observationVariableDbId': 'CO_321:1000074', 'observationVariableName': 'rdt', 'observationTimeStamp': None, 'season': '2001', 'value': '88,8'}]"
124,2,2773694,BTH_Clermont-Ferrand_2001_SetB3,49727,gnpis_pui:holding-921_taxon-4898_accession-49727,DI01034,BTH_Clermont-Ferrand_2001_SetB3,REPLICATION,2,,,,,,REPLICATION:2,"[{'factor': 'itk', 'modality': 'treated'}]","[{'observationDbId': '3330794', 'observationVariableDbId': 'CO_321:1000074', 'observationVariableName': 'rdt', 'observationTimeStamp': None, 'season': '2001', 'value': '77,6'}]"
125,DI01034itkt,2773743,BTH_Clermont-Ferrand_2001_SetB3,49727,gnpis_pui:holding-921_taxon-4898_accession-49727,DI01034,BTH_Clermont-Ferrand_2001_SetB3,VIRTUAL_TRIAL,,,,,,,,"[{'factor': 'itk', 'modality': 'treated'}]","[{'observationDbId': '3330878', 'observationVariableDbId': 'CO_321:1000217', 'observationVariableName': 'r', 'observationTimeStamp': None, 'season': '2001', 'value': '92,1'}, {'observationDbId': '3330877', 'observationVariableDbId': 'CO_321:1000074', 'observationVariableName': 'rdt', 'observationTimeStamp': None, 'season': '2001', 'value': '83,2'}]"
